,0,1
0,4.557303284891205,5.5342683167592845
1,4.07173065294738,8.784044988945015
2,8.709166848473124,28.629475430090302
3,6.854902090545196,8.05188124700533
4,6.003471657133603,18.510364981774696
5,8.677629591916773,7.221144307969968
6,5.992819646735379,21.879561726200546
7,8.325805021764415,19.62221959583824
8,7.259296926659144,20.143013105801398
9,-0.4549682740806089,8.186921010559503
10,5.576752686256804,20.21893788507408
11,1.3718176200121452,8.375039859827185
12,10.335499217477569,21.303693604213734
13,7.188293428456897,15.884955883391086
14,7.1921476739512515,17.55330577297882
15,7.6375282159542905,12.807292302913954
16,13.266758995878096,17.176916746327976
17,4.7816400305098465,9.897009267776133
18,10.00668520147201,14.913562193448124
19,5.4121559744251835,18.17509187723498
20,8.0425765191537,22.37548252461502
21,8.857599212493517,21.030740139339198
22,5.29406892041159,7.961668378206488
23,7.1338438363053776,17.325182059125822
24,7.065752306535026,20.202294059387487
25,2.9638972906240624,6.398035953742848
26,5.175819573200007,10.931198729513634
27,6.632993733588829,15.450574653332446
28,5.2073597095021595,6.6701427788302965
29,6.583101306793657,6.988706941025495
30,4.982866631081327,20.275411299863148
31,1.4323593147433735,7.626342111933863
32,2.0893680903739162,4.71341255277345
33,9.768413383722693,14.613131474258847
34,5.586665836826779,9.653186732184905
35,9.318872678619543,19.91121705509833
36,5.504018853424939,4.885878517705264
37,4.15218749444464,10.15911162038555
38,8.08449438931838,19.400623678446106
39,6.83248285381635,12.990655115688114
40,9.352396160614603,12.390569232607136
41,9.12787676426808,13.327330707107864
42,2.465311869411106,7.639994289853305
43,6.94503619202364,20.01140586058311
44,1.428321477726208,8.210403865993163
45,4.268114455271129,9.919014273862027
46,4.554567427144646,7.665042379601627
47,8.536359613856051,19.22139728399821
48,0.3010372644909172,5.99407574777587
49,6.798448490736367,16.858361253406986
50,4.666256002408813,8.129598835521161
51,2.4780455537314565,4.3108091409515135
52,4.5259327835014656,17.990945317120826
53,7.955959226820568,20.96628344123352
54,6.0073536430801475,18.188653117638694
55,3.716978732352564,5.005956962614105
56,3.784349742892109,15.932563601569395
57,3.787785603365186,10.74448020251117
58,5.461757197870448,9.410871163137637
59,8.931663330143074,17.515722824762236
60,8.112196119612495,17.147060252915587
61,5.925627397873138,19.238891568502343
62,7.719786153744856,20.8886838180427
63,7.603148598153813,7.659847350305611
64,10.318952507526598,14.466424774831227
65,6.331180256853982,19.278108489725803
66,6.253504524167548,20.596877509142125
67,7.156219596682857,7.723842841759131
68,9.060959345055613,17.54651708932207
69,3.2338840265185325,9.176680066054193
70,5.257697999465205,19.111877093731852
71,6.355469387640425,6.2944612090227965
72,5.101691528974349,10.472000647443474
73,5.375754124747096,10.082480299819167
74,2.033802510122729,8.419265856541353
75,6.317120793064348,4.526037038424532
76,8.94586689814173,17.708591828627814
77,3.45332504505114,3.0445269161843846
78,7.615295336129675,10.856727524615366
79,3.879940075110128,4.254715421866525
80,5.458999548308319,6.589871496163172
81,7.7883729137362305,16.761048357113356
82,11.18640253559257,21.468437854599415
83,5.764754137688946,21.470658477699658
84,2.1548988300884773,9.221395508071717
85,7.96657948485212,16.979091656887142
86,7.182931219234821,15.390436809233607
87,7.911282541052696,17.40407321412823
88,9.121199946899369,17.77942611697438
89,5.0917360017083935,11.644216487333784
90,4.968246461572353,6.351898753673854
91,6.972827357834598,14.32849900779658
92,6.434709600128125,15.369975786405124
93,3.2563919484542296,7.757919903980381
94,8.045025655133937,7.747946456161427
95,7.594431828690728,25.83421649789526
96,5.975736681462278,20.613336149377265
97,9.46780691333814,17.014631609479846
98,6.506927512808019,8.068270485950931
99,2.7068782223110115,11.33219440670899
100,5.7064224069381115,16.21572468877992
101,9.740920771265069,22.558465777364177
102,9.961999967702548,21.816317738353867
103,5.399835472812144,17.157252227365074
104,0.2976664930314108,6.940630675679859
105,5.777197883071055,23.241574858215934
106,9.634954416214574,20.256276502909447
107,3.3229384504279453,9.046676063427489
108,3.2580960908537615,5.106437549556473
109,3.640573383853199,17.548479190670246
110,1.5910862944632282,7.40967905448746
111,5.642580507088437,4.860588582983159
112,4.8906663928748095,8.91734524088199
113,5.356316249331494,3.1347108860243056
114,1.6194666834037983,6.427171199587837
115,4.0391466040374455,7.325267256238204
116,5.714432268185657,9.497408046782402
117,11.692321857397628,16.109981304299485
118,5.679055837793074,7.566931642598617
119,8.390918042195434,21.59931378212461
120,6.957384099970228,15.463667561214509
121,8.486696279918307,24.851703237859983
122,9.503304956027028,18.211123682614808
123,8.108286243807559,5.730353946490388
124,5.420727479442194,21.49317343897995
125,6.127183342846638,12.979636840096655
126,3.895667317912221,6.652477498480049
127,4.109149239614403,7.658583167900513
128,6.913126292731763,7.088727992955555
129,8.234219881656308,15.52046243632983
130,5.516739570352208,10.55742823432565
131,7.5146889511101245,21.040856826669398
132,5.691464216729192,7.253755842356952
133,9.456030731833769,13.878548536036794
134,7.5671002922557475,20.783336992633718
135,7.433489015130764,19.56484860097388
136,1.2624439422743126,9.600279552416447
137,3.186554070316308,10.037281374824117
138,7.7585545391575375,7.265577868076763
139,6.389553737343329,10.889155805836817
140,7.997612542073988,19.084723139592146
141,3.371837252488662,11.707495682201873
142,6.996365584600649,17.224829860424947
143,2.5869990832054044,6.493227915490251
144,7.9266956697915925,21.24644758798901
145,4.776859937925735,5.435607795199211
146,8.218977575138071,21.095529589275472
147,5.601906916054431,4.254644805529199
148,7.269096562228332,19.684070238859995
149,10.976657094357826,15.81882904420623
150,5.988791499288032,8.023790902103299
151,5.823135557950628,6.307972726772041
152,8.019462792284116,6.120240234118072
153,2.2283102133148627,8.142334065353323
154,7.389900000490623,10.537021585088905
155,7.1090092380243775,8.646285140630571
156,8.315303148474763,13.103079250879619
157,9.123048960750127,22.26934917779797
158,4.928090940284894,22.193598241666376
159,0.6632138838265833,5.733916026458236
160,7.817392516753157,21.750324908769286
161,3.983041444466168,4.757329396139967
162,5.154444999299933,10.841825331669302
163,8.2471171740345,10.504954845382505
164,8.701227852148511,13.222622884163188
165,4.384950298131901,9.546791229115096
166,9.960309050400637,17.183282115056773
167,10.898688435944326,21.692643304268934
168,5.9607921072678165,20.068557674176475
169,6.270704908617425,11.856941821632581
170,4.3141527597885965,7.226103396049316
171,5.381853526513023,5.846855816928301
172,9.164069453444203,18.970713402996413
173,-0.41454267765191055,5.5709098605654965
174,3.7787508613723952,4.918351953376783
175,5.434962975429396,7.198145195151874
176,5.664530193830228,7.796239220509175
177,6.204507708652217,17.534855520821786
178,7.618569075397836,9.008457181095249
179,2.8490014796579506,7.2542299787718605
180,3.1014811030586222,9.172894969839486
181,4.431375519786991,7.4165476757705635
182,5.210042038113752,19.037767789403244
183,10.982295867400387,16.2125606014905
184,4.877613582479236,7.4239976686577265
185,9.676371226399317,11.042077090757754
186,4.704763934792836,5.487686188587405
187,9.41160964866143,18.463517256180968
188,5.434296864694001,10.144903888182519
189,3.6409327711559367,8.176020161709786
190,6.069975994217845,17.031766585673576
191,7.7327935392917455,18.395782359652603
192,8.339196472558957,19.43143707529752
193,5.886353753759005,5.997296666247682
194,7.8695394679082,16.107196941834296
195,6.3844121687493365,7.551009452987625
196,6.4402359602862775,7.439632950042304
197,6.00382169582273,8.064719924542798
198,9.716834090445511,17.233275481632347
199,7.940285564565236,20.10661001023597
200,4.521697569650678,10.611227062181804
201,12.5813895857364,15.586766993022144
202,7.514534819587602,17.657718528373803
203,6.318955118193148,7.903476500857983
204,4.07492157210579,7.623349707098352
205,5.112555037022922,8.48329937296754
206,4.7694616012123845,24.651194135475826
207,5.476109257168544,5.740250030818295
208,7.917188018860482,6.0537884140322
209,5.650945452542179,9.376135763241043
210,10.210083711577331,16.347240623810812
211,6.534205897418801,18.46361782901144
212,6.135926083841885,9.91721277759143
213,4.144860946469547,10.114011961838326
214,9.332252696307467,24.746650331874804
215,5.676811551993238,21.3094967698062
216,4.631614471278205,17.061085457038686
217,6.127381802093296,18.47439889654371
218,4.7924531788163245,8.119778681702233
219,8.13386509822941,14.274227624616644
220,7.979327976738912,7.009140166397391
221,8.325205943891618,20.733549401144625
222,3.888163362312678,6.651293673627504
223,8.58779624227464,19.732952919128405
224,8.844326467581912,21.95137201778613
225,5.289553426491924,8.089146206716512
226,6.197714211662007,18.427724259537253
227,1.0713008108935822,7.162236181454616
228,0.4612098346174838,6.9922960313495865
229,9.89269203731472,17.668859756039392
230,5.033447003368948,10.752468347185948
231,8.675500970207006,14.179457568864253
232,6.183619291259942,8.607809941661268
233,10.029622982404844,17.200284347283407
234,8.545013634260709,23.4832883907552
235,5.4547808031078615,9.194362143209464
236,6.1017980327531625,7.443669602103792
237,9.351834277343274,14.341843099910154
238,2.3305293370283016,5.690995272558527
239,4.940136821070799,6.436212503991972
240,4.834718881651342,11.098298567732787
241,3.5820547476444107,6.803028222595009
242,3.2385226302367487,20.998212619926488
243,8.735157857617015,21.508849703214285
244,7.6777582391822445,13.681666102709775
245,4.6048958069494255,19.33955548372374
246,7.785218945555169,14.597844467258756
247,4.4095556775234,12.48818487574001
248,11.510355756761568,22.099323040431134
249,8.593068643081876,22.912264130062557
250,3.792005500279846,5.546824819893241
251,4.383034729097052,6.326800906510334
252,4.236712454315898,5.598261859948372
253,7.839404081110997,23.069439009821224
254,4.337826139186421,8.065968587032009
255,8.077907059815939,6.013340521553742
256,9.148072985226962,19.98064116649099
257,9.842217405708956,14.733063482802963
258,4.154150378061956,8.612935137345097
259,6.969156217756564,7.502210983506327
260,7.928917523885039,6.71144913834102
261,4.337327100058096,11.167859571584632
262,6.612922643953315,17.075982143612844
263,2.8361533731772672,6.763770245608812
264,6.974020621624527,17.743754145301413
265,4.2193957904666215,9.675690401420194
266,6.557761993911992,4.57870878505146
267,6.146238748899764,17.618069110205873
268,9.732048973139015,13.513333530958278
269,7.442329965019353,17.190732476492876
270,9.535005016981607,20.109956028203808
271,7.68091051994522,17.284154086259427
272,9.950985435855316,19.31473490106306
273,9.081672508754014,15.32895312707976
274,5.499334154965936,10.536021779216311
275,5.383833579030425,15.864984225236736
276,7.5226249268057455,11.61580786007455
277,6.6165347859917105,16.34080212792746
278,4.040408187508051,7.314275295073128
279,3.659112369841925,10.568011881228262
280,9.280322615033676,18.855427972526506
281,5.278390943643922,9.775491284764083
282,4.017788557114293,10.518721837121163
283,1.8850571410168824,7.298022250972142
284,7.291773712916335,19.240353809287328
285,7.253707583277666,19.376795895199663
286,7.485542751492369,17.452774165755613
287,7.451584414826665,22.51195440480949
288,3.491371424019552,9.250444598401279
289,5.566619731599459,4.4420916709943885
290,13.574186281605243,15.507277294815509
291,3.939597749349959,5.516138328552144
292,12.047382403569825,18.83946450768713
293,6.020073550258305,21.280336983360638
294,9.268503860395823,7.6545110259387314
295,5.62008249755667,18.610178206465267
296,6.374411518739881,8.254377492568738
297,4.44654650481659,12.859000629473204
298,8.388453879717606,15.532395903729828
299,6.235486727118849,10.183244916315921
300,9.692512216212721,16.677689622308712
301,2.248194665134913,6.516841783227156
302,6.316810341438867,8.190978347349718
303,4.982950380541758,9.22305063393636
304,5.934840833033315,9.522404269404324
305,7.967827859058706,21.740073933006073
306,7.9854116522556176,19.364472582559525
307,10.786311611116533,25.425015199906873
308,4.767563751087042,13.50869298969331
309,4.2116196298537485,7.845733909992278
310,4.2541769216322765,9.65909506774727
311,10.233359129700915,22.17889569697539
312,5.453644264880003,9.926308445343931
313,2.9716629381114674,10.711782567002118
314,4.236655941286256,20.904308302093167
315,8.320456812227613,18.186317320814073
316,9.802765292568502,19.61796259104144
317,4.2999926677676745,5.372862676548484
318,8.189020318557537,18.587345284863304
319,10.180979169527117,14.653595189955446
320,6.916679317602675,14.890052310764515
321,3.1337664054651624,6.091747427398768
322,4.824505945124273,20.55061153728759
323,6.467005411809024,7.59161309529684
324,6.687670267193687,5.418247642871082
325,6.916212988906177,13.977112085361359
326,7.8518663377796125,8.008321379519288
327,6.207785875534905,5.999588385235626
328,8.130305507364655,16.797461067398533
329,4.5110533595615845,8.273757418686749
330,5.161232487418917,8.86435470301236
331,6.582180108757276,17.958289056486066
332,0.5503109074865709,5.406118065045948
333,8.382528138606888,14.584851003622525
334,9.686957151088773,20.94527078966065
335,9.434833275036725,17.39906943215684
336,7.79428614900705,20.741801007098687
337,5.342948860266922,3.8960477941104754
338,7.4954781178769325,18.823053421962268
339,3.2949932964588498,8.4461551581573
340,8.690786066906456,12.761824299478171
341,5.529306015946092,9.671910203182232
342,8.395969310028299,15.527299897750636
343,5.421034297198687,6.641073345407202
344,6.267080267638747,17.555269893303805
345,6.270008855029031,8.2068890256488
346,8.030490052526853,9.830381339161931
347,4.4592129961867295,8.77452321768984
348,9.47137455013984,20.818270100725808
349,2.706323408865912,8.86760427964169
350,6.936998942935285,20.638611552302734
351,6.075883700819133,17.696865080218693
352,2.086231040745924,10.352100600055296
353,8.176774170567837,6.597626654757942
354,6.498086383718281,21.831942996222605
355,1.7739190532409843,17.971904984635906
356,6.417322767858945,8.641856248529525
357,4.868037524663479,20.03153369293552
358,4.7769762286125586,10.526309131682119
359,6.407186981743678,6.852636702465916
360,6.395533004425426,6.506391700210743
361,6.925491466870468,18.176730448554572
362,4.0535557661687,16.170584169050333
363,5.355661878753791,8.681721079035535
364,9.196878327790568,12.031801433980364
365,4.1993222611817,7.16358984376013
366,5.1322836154542175,8.698939215900017
367,9.934666040409482,16.281861732398614
368,7.817238630348323,19.425441711838072
369,8.33434033216408,12.467227349405867
370,8.90692155338182,17.73694244672846
371,2.8331659998478216,6.3103481790685
372,6.815114640817714,9.090372807279609
373,1.7825875052478453,9.18732104717757
374,8.694686977875206,13.368335067183388
375,4.267900748484976,5.688762337964616
376,5.908826250008652,8.647361944160007
377,6.451764719246956,19.011787630044385
378,10.176334984964267,16.086484538611973
379,6.1552450522339415,7.088030942991408
380,1.9723467184082877,5.854849473761172
381,8.128850081342707,18.455255983767266
382,2.9208245827068016,6.245792836271744
383,2.9875379951440437,6.79299779361588
384,6.504564186977137,9.991832848949423
385,4.814074340274465,6.660997316483586
386,11.560628329706573,14.84689614938261
387,3.4871971846775414,4.945518541701906
388,7.6630670949193185,17.265221083351506
389,7.514992866721388,9.243675010156666
390,10.112184323238674,20.81544642852621
391,3.5263489461733304,16.671851465898655
392,6.2201951238056585,18.716501629411663
393,3.6191779700168754,8.090277599083247
394,5.7484000139652025,16.80106356184491
395,-0.31485870961620765,9.160723742436558
396,9.926743304960237,15.286425609949253
397,7.911370363581373,20.345154546461238
398,5.886415295168207,5.238524487884168
399,9.315212516985458,14.674171785577036
400,10.876897300802927,16.81960989880992
401,4.277515979133782,8.245386792206169
402,5.431910649368431,9.214400550937963
403,7.107019340330847,19.938588919903427
404,2.9233007749695017,5.945182386213332
405,10.365807180745474,16.909453718387326
406,8.648709130092428,17.26903315676109
407,6.29509597942292,8.686431029809864
408,2.9075836062870497,10.241855824516856
409,8.131639437106148,17.529160377186933
410,6.234430489953163,14.34148889309048
411,7.508735690440451,21.65858405381416
412,2.489832701305664,7.444569984716684
413,6.96755528539336,16.59365455486169
414,6.309109047246776,12.407167579668306
415,3.62169029836276,10.712469569667265
416,8.030160457171593,18.300378241988987
417,7.178816917648064,17.659980950360783
418,6.905819641335663,18.046384082379845
419,2.8432191069632737,10.74539071686283
420,4.786311541165724,9.816212739881903
421,3.0331184746496263,7.950216701883344
422,2.0522313405378982,5.061394165989048
423,5.541758916346081,6.6964480289940616
424,4.637355332055044,4.845191147317745
425,5.670978203325713,9.613728366110886
426,5.116027734631496,3.6270986327142536
427,5.10322125469463,7.2667858606150535
428,7.902394222955578,14.447445193282066
429,12.240605385069973,20.93631068181265
430,4.8400169933202335,6.423960298861583
431,8.821809127930997,16.70654141406136
432,9.397021584652858,13.855839562832987
433,4.496102016510819,9.000393789537663
434,3.833362862244063,7.164159418598528
435,6.294782987934202,11.66942222053741
436,10.702017745154258,23.54532793399336
437,6.725778367188983,6.830610407971443
438,2.9233591048082213,10.49207233268334
439,7.684380523713738,7.58963946321736
440,2.1439333769419084,9.093767932217949
441,8.424652696254764,18.2452179129593
442,1.1588195754736421,9.491919924525627
443,5.21256097334501,13.628510408752826
444,7.208230637326468,6.953049941479319
445,6.317035168851241,7.409004638851728
446,5.16278627197433,9.290969507964828
447,4.158828198758487,7.987273644602983
448,8.714709274534677,19.296350388292712
449,3.205179459210964,7.492997902561878
450,8.093916979646687,8.972065574838197
451,9.10104397501094,19.84805235268828
452,4.621671712630196,7.792793918168414
453,7.491622055925827,23.24556310258654
454,9.580525886323738,14.607647103991885
455,4.00260638629527,5.8406116554813705
456,8.90612273980189,5.175832971509409
457,6.72683839274138,15.910669305061093
458,4.485757105882945,7.981976721517742
459,10.628258792903127,19.593973076795823
460,2.2750998964877365,5.208444095642912
461,8.593957528841454,7.438443520097471
462,9.845492028183273,18.00624082635187
463,7.836288862819674,7.984652725067941
464,5.147234072749236,6.1886665625321875
465,10.774284042931022,17.646427638444518
466,10.558649930908157,19.960818509996873
467,4.6641441075373935,6.32012095752537
468,4.236695545803987,8.887555488390309
469,4.601991450683141,12.6219194384284
470,6.866791336010152,21.13764142914786
471,5.683853989575233,15.192675128071642
472,6.661968750156976,18.94558918254501
473,9.082877586063008,13.652435105924637
474,7.235187284843668,6.88214003483504
475,9.618777218118883,18.678665713883387
476,4.872997699097856,7.6337157065052
477,10.70356899155102,15.02638292853132
478,5.902486836357088,8.41918286331918
479,4.6461564571573115,7.55743660499187
480,5.63501199657733,18.427997782707163
481,7.954013156513151,9.37284151745375
482,5.868787710661207,8.218902964195049
483,5.025495356731455,8.307498153861992
484,5.397208172212646,11.82632341647023
485,5.740571747241403,8.101595676358839
486,8.210968488233428,23.294007199006117
487,9.340967507751847,18.845409635343294
488,9.709685264864703,12.972661332391052
489,7.901439891130807,18.688877428797547
490,11.071835529613592,10.264484984856423
491,1.2006691742992812,25.35096966322978
492,5.673855443027045,10.25491835228106
493,5.277080761890435,8.101613565959367
494,10.140732091249689,21.110256687244643
495,7.947905291599027,12.124170045969276
496,8.096646456825425,14.371047422059393
497,7.927438578080452,10.92168516573426
498,7.008340522749298,12.918745569921365
499,9.663959078252562,17.315260822006213
500,6.595053974860655,9.40956976567876
501,3.128787512181828,7.6038254217183106
502,10.761372527717569,10.179995711151236
503,7.49667305702085,24.501188200922783
504,7.509494282277662,14.355384687495684
505,7.0562441749186595,14.064807066771893
506,5.490831435172523,9.201138009997825
507,2.9621881117969058,5.805072559725637
508,6.464987929095763,16.246424703338796
509,4.319047522580435,8.485756251868679
510,6.929484626533724,18.122389672259427
511,11.274985084483554,15.373791271771314
512,3.652670303320842,15.578849547145168
513,6.089039067431017,7.491972510498669
514,8.365606441070868,19.736502862189752
515,10.705701341902364,16.18241829754826
516,3.8683343960101055,7.452921244094513
517,10.538387214977686,17.556225392732454
518,8.767988731848385,15.141620175391425
519,6.56649278651529,15.85506762685135
520,8.242996027219936,23.144702484635967
521,3.6973705337201452,8.49067396845637
522,8.6522251690148,15.972553129110686
523,6.75930135092084,24.459046069931606
524,3.3774652747301226,10.070467505764087
525,0.9556039886354366,8.414011492664219
526,4.188263978876078,5.902466961569357
527,3.0313336488884963,7.276375286521668
528,6.157086963383873,15.13398515534688
529,5.9577792149870445,19.424262528773546
530,2.2487519776966014,7.785554445201063
531,1.5649256821323665,8.585834879906718
532,-0.017060698322409532,5.123726756139179
533,10.692052148471797,15.536445251875374
534,4.565153551722804,9.097773630077858
535,3.163847949586073,11.880591720491063
536,8.028748407255806,14.339008215785425
537,10.692565066764708,16.68363391099489
538,4.6426537777469585,9.565797889174057
539,4.038968630265459,6.8901417190715435
540,5.4415178766965315,7.691027143890865
541,4.8644392591106005,7.246594972464661
542,3.873522649221096,18.63281845871501
543,8.128070137153731,15.54740801181715
544,7.818420611663514,21.29339334817784
545,2.5850625311621878,3.1730032160544903
546,0.9549646524615278,7.0305563730741545
547,4.892205046920483,23.03491085343898
548,8.796457651183633,8.193150463497405
549,6.151236293715037,8.155137624716186
550,6.825178234286544,7.398353051224625
551,6.2189345100976166,19.01530885336032
552,1.90848983546323,5.529678134867838
553,9.4430234038328,14.110655831892922
554,9.485483035249734,18.775004425044123
555,8.656575614423208,15.537964614372536
556,11.081032490251413,17.269985292567032
557,7.659412771126652,18.103590705774728
558,5.688961503996309,17.211434556499373
559,8.674698814416963,21.016825274446102
560,6.253893809169664,8.475858446145526
561,6.733113871397427,19.28811068316085
562,11.00431076104508,15.300672422100188
563,3.2846761270295923,8.348211888592107
564,6.608166959569003,12.698514687485373
565,2.566606428909095,4.934622783729068
566,9.753963371129203,19.320375788215028
567,10.30668667930364,16.23688736524431
568,4.0679493392806565,10.154875127098967
569,6.444148240354402,21.433685579581606
570,5.6446337454806255,17.88808491971676
571,5.671142133520662,16.570561638260706
572,5.774304774374999,7.629677516107828
573,6.108515866466704,8.339471187428764
574,4.435494007061988,6.999258791828908
575,9.15662165932393,15.754799195119064
576,10.26849100906149,15.381126671693707
577,10.748458723429591,18.166006163634037
578,7.283785247912474,12.714700172820956
579,3.041919321264189,12.480106674787462
580,8.037471017286466,6.200111048496889
581,6.041927814178948,14.604742755470829
582,8.395976241326604,17.520654757595462
583,3.7070753622372727,5.0764049858957625
584,5.540561378443785,8.340985733093078
585,5.366437302112889,1.1913571829514282
586,7.857853672640699,7.93973486265233
587,8.674900871649081,19.927214449492208
588,8.062952316139478,17.85180128679029
589,4.100581554223317,11.17512732009158
590,8.260359487437155,18.696729406167158
591,6.860724120306973,20.05284027616945
592,9.146706550575297,15.093495367240855
593,7.047333593009949,14.411926045660536
594,6.967108026597032,9.512503861010561
595,8.59447862812305,14.381433814990555
596,10.906014681351733,18.654853336530145
597,7.3963168454612065,19.10427096561289
598,7.2657530835630295,4.601553346401993
599,6.950455244607593,16.373799741074663
600,7.1829997469796805,7.80796824811643
601,8.568509544350668,15.217879293716052
602,1.7543312993505369,9.242495423143968
603,9.127018218430436,14.333826833130415
604,7.583264520522397,17.823453671204255
605,6.159168180528509,9.871855419118534
606,8.185593050409384,17.945860938145078
607,6.298592400628209,12.810788458172444
608,8.082267684811764,20.549266895435316
609,3.4751295504055406,7.347267293201446
610,6.406327606306182,9.515649717333403
611,5.005851561954488,14.288166819632414
612,5.512879233573276,7.768071816030137
613,5.046308540598818,18.002214755554323
614,5.919071603150901,5.196121492105363
615,6.2247364095172095,8.8884725796803
616,11.406323567624225,13.560279833336404
617,4.521023840041841,4.608256124136798
618,4.9773970943741,8.207874278885956
619,2.7578095085263006,9.751252897498416
620,5.009268206330816,7.712872156599232
621,3.821601858886101,8.455204178947005
622,6.505503962739577,2.9280095970610285
623,7.3446043821721325,15.049367915229187
624,1.433694709811078,11.075794382944864
625,12.546490735163035,14.558774106184421
626,7.745415275303174,7.540902868373866
627,5.306946681354344,10.425321688943988
628,5.530385450735449,13.898253696173635
629,6.9402367795072815,5.549302111944593
630,8.58990066411759,22.202020940284985
631,5.1371780910401785,8.262157253368915
632,9.550637282128587,13.298846268513767
633,9.067768587842247,18.2132790798038
634,10.898929385402594,13.995693751197875
635,2.7391487180043925,7.176301047584468
636,5.213071899384233,8.34235847978278
637,12.700759737080483,17.005587319041474
638,5.877546583509753,16.94064721904675
639,1.2002951861509643,7.548067874923419
640,1.3860553703959964,9.738078952569175
641,9.574638976613699,12.651478989551554
642,5.667758923235862,15.354126902875723
643,5.44592180379459,7.121282875570654
644,8.883625589033567,20.048706887584167
645,5.851926817394675,11.995515076297007
646,5.051205521598561,17.459525862075775
647,3.9410353270581417,7.733372030791777
648,3.3465304774983005,10.278049160949848
649,5.055292215479823,11.803913294517253
650,5.351935003789475,7.845139123441209
651,6.3452741665048045,9.210204281071825
652,6.94597717315,5.339755408154158
653,2.017520777555536,7.562612189509525
654,6.5991421035826745,5.520710051533752
655,7.2583521722349955,5.918552478167838
656,10.119897972061477,16.206714693425536
657,8.072604729776117,20.145652962296
658,5.917795325543676,17.84229083602867
659,11.515986016144755,13.782205880854768
660,9.72138568539615,14.98256048217583
661,3.344325056987677,11.398660110675431
662,7.008918375457093,8.636066783851819
663,11.773574528319438,13.5703300636677
664,4.8059656133473965,17.612284506757085
665,7.164019950005535,19.99263907072032
666,7.829352576718067,17.515290827567476
667,7.405902084643023,16.230305799493348
668,6.603474287077602,12.708718031302693
669,11.196225974471064,17.083807766303543
670,9.224897441203744,23.006471949379147
671,4.023131621378323,17.195666697764526
672,5.094845392527359,8.877856874532068
673,2.6680449061892992,3.9531314067229335
674,8.388461884634483,19.492232698794233
675,4.939605268720563,9.177240796386224
676,5.603553268743278,15.852117684560524
677,10.184066053585116,16.83825333518328
678,3.700662341506601,4.511238122073936
679,7.587573798655129,4.71265542737489
680,1.3304711752526797,11.178534663888902
681,11.99862754637115,15.440613333900325
682,4.778779234751512,6.830361619827745
683,1.0952319341480892,9.29090775348715
684,2.335894587172384,5.99616697185089
685,8.528881264527174,9.374045347312489
686,4.6172218311461055,7.714580760868125
687,6.343936847443705,16.43032295728689
688,2.9587392438314266,6.25736233508267
689,5.652164506242628,18.556400909710156
690,5.82308038976837,7.4857695652103375
691,8.234569080857062,16.514344536048824
692,6.157473217776671,8.068793776005192
693,5.4500423279362735,12.84102896199658
694,6.071295644018327,23.88230463288217
695,6.478606487055372,16.156136184224643
696,1.9032458201240088,6.237920042085885
697,9.405561378866645,20.79486720605109
698,4.7199166221530495,19.240633255702317
699,4.528198307306976,6.774157919441575
700,3.797143516116796,9.83393746336514
701,9.087302076998881,15.404498614226199
702,6.656372081492796,2.1408635972421504
703,2.6632078413554594,12.598738781522579
704,3.936735057706621,12.983203987270706
705,7.0046372331963465,19.968609096784466
706,4.386468939197278,8.908175680860818
707,7.492819859772853,15.889615488539214
708,8.719201355586543,15.52561913273736
709,6.261650184390898,7.816995719235092
710,9.168936654830784,17.937088831784685
711,8.858291055611335,14.692796690954069
712,3.3616330086218182,6.939139140067673
713,8.999256421155712,18.828748679430486
714,9.212623188483297,6.058532543144424
715,3.790079399604663,6.7213844305714545
716,10.400998481852051,12.376114229761686
717,7.444622100846791,12.934243934149986
718,6.651221526281091,16.855610698821508
719,6.2809028868395735,8.381616570037414
720,1.660884079599268,5.953318086801166
721,7.132843303228414,9.940490077267556
722,7.112273614141498,16.385061999963575
723,7.267610869093327,22.212768234808987
724,10.280833905950805,15.996347448335856
725,2.9442433029375703,19.687236355680664
726,6.441070686797006,6.934777486118746
727,4.52876896764606,9.636401279578504
728,3.033391168462188,8.448739008969545
729,5.029747303073481,18.850899448541448
730,9.45957133085724,22.392979915184547
731,7.622833487041889,19.557487319604302
732,10.63213319492352,16.80246818187312
733,9.146878680727438,23.07799397350573
734,6.499873522830497,21.14966748635979
735,6.973480207070046,10.055079038756684
736,9.26283874484126,16.15802735074713
737,4.677207645790835,6.184623221634798
738,4.811592796257743,11.36931482807198
739,7.946444385400786,13.607579042714073
740,9.244143770768037,9.134243453602423
741,6.817042362079703,14.95360847714075
742,4.267895187641656,6.41024941948589
743,5.632595952833111,7.4549224580621445
744,6.760211295754499,16.462248858556762
745,8.841073166082102,21.531393857158367
746,8.505827341965913,18.191756085647345
747,1.8620014379371672,3.6007641816659417
748,7.344068607186222,15.523177680158561
749,6.219091165983232,7.492588677699537
750,3.608505119950937,8.315073271635232
751,6.939542077900267,23.6182526475273
752,10.815616580006456,21.01948495723332
753,5.721319672372331,6.34493917151072
754,10.241419206392026,17.095095474164847
755,1.1265173903407737,8.692043387895898
756,6.858513340207344,13.961314199789426
757,7.73738502202983,6.934965718024743
758,8.101214441699685,19.031396020015087
759,9.886171590500464,16.762998385318998
760,4.7679946952944015,4.9058430982180425
761,4.171596439160197,8.53404762566645
762,8.726494338307631,16.940531235682265
763,8.807561495481734,21.925636448226555
764,5.5215003457450855,9.922477503145938
765,8.126671860989179,7.762515012187477
766,4.065964917932257,8.026492129486785
767,7.417421621207263,17.97575818258015
768,5.701742568240357,13.462269478189551
769,5.98994718597699,20.174519903576005
770,9.449268890480177,19.267877410764424
771,7.09860165710418,16.609101563907732
772,9.614657403318798,18.43793721454933
773,4.408671365777924,6.6050151433011735
774,6.982537775385607,10.488602048390778
775,10.339197941711848,13.719870540511575
776,5.0226629393835625,7.902607069465812
777,5.701816466224457,6.012148219602852
778,4.810745214534549,8.403055258842889
779,6.45186033507204,19.493961416349368
780,4.865107363462276,19.02287697426616
781,5.20041684656326,18.568867828510694
782,8.842908424030949,21.833980637842735
783,3.7587895427555305,10.078419040144064
784,2.6640909694211983,10.033943161406256
785,6.42304501740938,5.251313418429634
786,10.396133162460954,16.3741922306361
787,4.2525560364095565,8.406239675431257
788,7.78143305370604,15.044163908489633
789,7.350460624067082,9.165655896761882
790,5.970619013957488,12.565050501758408
791,10.559975199430244,15.697557105882492
792,7.438223244073982,8.464117765199791
793,2.1217683128087197,9.40562375732405
794,8.666315362407866,17.068124939930243
795,7.820833363613626,22.411184948980374
796,7.381520712262874,3.790649311380833
797,8.113551881614075,11.688052749915185
798,7.024305355798321,22.822754386716227
799,3.1874969578354784,8.127393039574768
800,6.385397807057486,8.60923398962263
801,8.322734776304124,23.17163669222755
802,7.8721783816392525,4.1927755867862615
803,2.956634635789706,7.85045328407593
804,10.267031401666571,20.20887498899954
805,7.460673870428227,17.110985166417574
806,7.095633825910023,16.835782340600655
807,4.830245867772464,8.831746235643212
808,11.736847192711132,15.788112867618885
809,8.498040170570851,19.43216259708463
810,5.5523332087087915,8.525843749508393
811,5.135512890742213,19.35582427864589
812,2.7866641276114064,14.993304318563053
813,5.286782156399108,9.39783370727615
814,4.632496498708422,9.81512179819474
815,5.2590290005713625,10.019926248467124
816,3.3363146798377663,7.554306386277478
817,11.830048230884891,17.49559537716335
818,2.9840959371472873,9.137480367764342
819,6.743464880081168,17.619944002890172
820,6.92567882922014,21.153456611082632
821,7.311677498021245,11.998054078179324
822,8.466997037042683,14.779724203154741
823,5.61233226526462,11.73191777294924
824,5.0635274798347725,6.372432707037263
825,6.677348803220192,8.24045053251611
826,2.1267933076203533,8.266860196857486
827,8.524417566573966,15.597218431007068
828,4.316339970963473,10.863780904820745
829,6.852022266599477,19.36670146991433
830,8.9703271254764,19.076907454665786
831,6.881744504720004,4.9297074012286535
832,9.699177201543183,20.468467141782796
833,6.216874607516131,9.951580731342565
834,5.33667770918833,9.04614822500332
835,3.889237340006037,9.745567865676547
836,8.797263909587887,22.902230018579054
837,6.200814727421066,5.316626887819734
838,3.1225776085090065,10.809671194556985
839,4.75017322534965,4.9861770549996605
840,7.692900068007772,11.429509380430813
841,10.118948167662467,9.879218630326891
842,4.778676244534489,6.41848189098893
843,3.6503852948284785,5.9921482172267915
844,10.841887491844174,10.074190186110087
845,5.422390862777686,6.295917233676741
846,1.6962806444119738,10.21064331370801
847,5.537522209385033,9.701883648003315
848,9.306828381107499,17.85943711340739
849,5.316580028676989,6.5260958779627725
850,0.9049891872053816,7.195355138088499
851,7.716927356641332,16.542439583380027
852,8.510172126050586,20.196002355684737
853,3.9268674707228937,5.939737095225061
854,10.87738648917224,12.762144383201118
855,6.934759482058929,5.655770075888047
856,6.999043994211832,5.8449552821314406
857,3.1159197917779915,6.2634172836947375
858,7.63286972708614,17.80455242419091
859,1.9944521215912951,6.1570763967302
860,8.518036970975258,17.105028884910354
861,6.5327217759253875,22.938229309790664
862,6.064066747132065,6.308574826334097
863,10.169756613287092,19.11434628772413
864,9.600601370042897,17.104202751010824
865,6.208772595757713,8.348864262069776
866,5.665549492787316,14.53163894661882
867,7.668706828810848,19.78146589100856
868,6.392930487836589,21.036280288040608
869,4.834295170904067,8.878956225205764
870,7.6436218212567555,15.696746536913471
871,9.085223349289759,11.446759046243859
872,8.595150113362068,21.194218068822714
873,5.444420907883956,6.569781661680264
874,4.92699653256364,5.714196777857044
875,6.9793035924873825,16.501996721853544
876,7.27802976584883,10.823710272358047
877,4.229325436244468,5.0377196267374025
878,1.3353789302465966,8.007487272000668
879,6.328840133875617,7.067421419533915
880,9.724688617423144,17.00654201010574
881,2.1455951992979148,7.558699635190497
882,6.027421068215012,18.350869386573766
883,6.341121584782116,9.651118052335773
884,5.545586235312689,19.418599719856797
885,3.686826350194728,5.852541884580883
886,10.704623212568736,14.857516562574967
887,4.179149553618736,7.454881921497988
888,4.225887492602042,11.926450909931535
889,9.608216607347591,17.624428433255527
890,4.745876637881182,8.535227435313754
891,5.156935805070646,7.493544063451273
892,12.722669902468985,14.594138088077447
893,8.377247520394446,16.698859847646847
894,7.809659174691192,21.617709934368
895,3.5194983824315598,9.023565115906116
896,6.392557521102032,8.348383315904078
897,9.539372079648967,18.554619049715875
898,10.159456218226332,17.977949130351902
899,5.865910100213098,11.042658973654364
900,13.164930412497585,20.803265599396752
901,5.659793953346282,19.804410255022642
902,9.616231175133372,13.999073858277118
903,11.47207895256212,23.18229735666824
904,3.634026135390342,7.061956426057615
905,3.3089108369315707,5.491953198024683
906,11.94149409714952,20.26813962808714
907,4.704835018806619,10.51829520159974
908,6.861637045096535,17.894757603781756
909,5.851624122526928,18.079066234602674
910,8.521114667270838,17.92372877772333
911,7.169948813756116,5.885307175765443
912,6.58809859281534,7.905671616458568
913,3.8283055770810117,7.746314344740739
914,5.79315256475716,8.84234111216572
915,6.079833626876372,8.207132462065356
916,9.775077118936327,16.425980730638198
917,3.6659072391383587,7.527476316520161
918,5.674594454852942,5.839430434793846
919,4.853790272685865,20.10111700774741
920,7.445202963786137,21.01172857514413
921,8.600776803863232,23.208960947422952
922,6.2430112889167795,17.80710022919636
923,6.627042199519257,16.928954341932517
924,6.830812084812062,15.896354478782385
925,9.256959113923507,15.569031553041055
926,3.4142073612788044,9.356261817582391
927,10.34198890844634,20.065675683301478
928,6.400282514259366,10.86594067827539
929,8.527776747904666,16.407619918453914
930,4.3808231651667215,9.605504353526714
931,3.2352711604890407,10.553471783139486
932,3.2107785292171807,3.296479872847644
933,6.226431607144192,7.69214860144379
934,5.495139451394767,7.184525975778603
935,2.509385481339306,10.549321731495748
936,7.51679997813074,6.290381244984799
937,7.220706901108119,16.527179227507123
938,9.005510442063127,21.880938221496095
939,9.905863894392814,16.404165511820295
940,4.772830729002698,6.158250640508188
941,7.827205237671825,17.039333091084455
942,10.003342219931454,19.468693594858166
943,3.954966858170681,7.2690170711263615
944,8.181075392360542,13.009648133567019
945,10.550661308571977,16.799242591177954
946,10.078512564071332,15.417769002837398
947,13.742483907942797,20.21743579628513
948,9.601782107144027,15.608280072284643
949,4.743981670892544,6.149394763819081
950,1.9823339184089432,19.890855312587206
951,6.907253237596297,8.482305228945114
952,6.321782284341699,7.315281213020491
953,9.451547429333337,16.458327360054938
954,4.0943045737176265,8.889243211126388
955,10.219077889232153,17.81972702124818
956,9.638733771164064,13.010975431274328
957,0.4837276923621658,8.514567515852608
958,6.086881090487344,7.153274842415238
959,5.2350624723476935,10.243877040399788
960,4.438059543628907,5.553040978870814
961,5.489259454022777,10.316357724877397
962,3.4791550902150763,8.888495607947071
963,9.487327171499873,17.142259267328598
964,4.146979886287569,12.197100073415902
965,8.938887662797582,14.829210480175558
966,7.024160920773543,24.436186710182714
967,7.749240584646863,16.361959235667307
968,4.256280751726267,5.713795437816807
969,7.363576111640082,12.404250191615613
970,7.308994177777622,20.839856866176106
971,2.904673307612496,7.064812859185028
972,4.793601714100505,18.04682955851159
973,7.074594323857489,6.965979420973093
974,10.120463339108873,19.89138157918745
975,4.852164384618374,4.504556820545359
976,3.4505015123306335,8.550467213979887
977,9.830312647090343,20.38847906031645
978,4.752433078576011,8.53882616604614
979,6.0508230568597385,8.297505816153214
980,12.822496943409233,13.658707624393113
981,6.927872195982332,20.104368463171813
982,7.748500029813683,17.305439447656727
983,5.390370800044618,19.82429148232861
984,10.285973107808637,16.28692483202033
985,4.816105843400816,8.437189195502155
986,6.6012777562540945,9.26605185436375
987,9.754439014894217,19.816636887938703
988,2.2272984517588754,12.101607592065609
989,8.26237919351486,19.116226968572906
990,7.1846439226311585,18.226718945051523
991,6.324513081690433,7.49205279344953
992,3.1067922766748466,5.632405927600843
993,5.186715769083487,10.323293711912935
994,6.747595110983671,17.657611133343902
995,8.659316042899839,15.312612313755142
996,8.105017192158213,4.614117516225188
997,6.337164408247322,12.153279938488977
998,4.1654723337028,9.333227736245435
999,5.262127342919324,7.383212747893766
